0.82714    0
0.60446    0
0.79163    0
0.16081    0
0.61122    0
0.25551    0
0.56815    0
0.059906    0
0.66444    0
0.11294    0
0.061524    0
0.35251    0
0.32267    0
0.43339    0
0.22807    0
0.72198    0
0.23528    0
0.28502    0
0.4107    0
0.20084    0
0.37119    0
0.42348    0
0.48765    0
0.42348    0
0.5751    0
0.6734    0
0.73559    0
0.71379    0
0.3874    0
0.24042    0
0.16634    0
0.16634    0
0.28502    0
0.36837    0
0.17376    0
0.43636    0
0.72198    0
0.46746    0
0.23528    0
0.17203    0
0.17787    0
0.44335    0
0.27685    0
0.068918    0
0.21414    0
0.27121    0
0.26328    0
0.48056    0
0.088486    0
0.25551    0
0.56815    1
0.28502    1
0.84222    1
0.52808    1
0.63027    1
0.93252    1
0.062226    1
0.88234    1
0.67074    1
0.89166    1
0.64893    1
0.55521    1
0.75103    1
0.23311    1
0.29334    1
0.60446    1
0.63027    1
0.95851    1
0.93428    1
0.32267    1
0.79823    1
0.22103    1
0.93908    1
0.50788    1
0.73793    1
0.87501    1
0.47047    1
0.44335    1
0.56518    1
0.86588    1
0.89702    1
0.97126    1
0.56518    1
0.51799    1
0.40386    1
0.94355    1
0.57805    1
0.59474    1
0.39704    1
0.79163    1
0.72198    1
0.79163    1
0.28502    1
0.76585    1
0.73793    1
0.71379    1
0.48765    1
0.63027    1
0.53109    1
0.35251    1
